Функція: 5 * sin(5 * pi * x), на проміжку х є [-3.141592653589793; 3.141592653589793]

Коефіцієнти ряду Фур'є: 
b_0   = -            a_0  = 0.0         
b_1   = 0.010286     a_1  = 0.0         
b_2   = -0.020825    a_2  = 0.0         
b_3   = 0.031895     a_3  = 0.0         
b_4   = -0.043817    a_4  = 0.0         
b_5   = 0.056994     a_5  = 0.0         
b_6   = -0.071963    a_6  = 0.0         
b_7   = 0.089476     a_7  = 0.0         
b_8   = -0.110652    a_8  = 0.0         
b_9   = 0.137252     a_9  = 0.0         
b_10  = -0.172248    a_10 = 0.0         
b_11  = 0.221117     a_11 = 0.0         
b_12  = -0.295219    a_12 = 0.0         
b_13  = 0.422671     a_13 = 0.0         
b_14  = -0.697397    a_14 = 0.0         
b_15  = 1.743947     a_15 = 0.0         
b_16  = 4.367349     a_16 = 0.0         
b_17  = -1.016774    a_17 = 0.0         
b_18  = 0.588874     a_18 = 0.0         
b_19  = -0.420304    a_19 = 0.0         
b_20  = 0.329841     a_20 = 0.0         
b_21  = -0.273237    a_21 = 0.0         
b_22  = 0.23437      a_22 = 0.0         
b_23  = -0.20596     a_23 = 0.0         
b_24  = 0.184237     a_24 = 0.0         
b_25  = -0.167053    a_25 = 0.0         
b_26  = 0.153094     a_26 = 0.0         
b_27  = -0.14151     a_27 = 0.0         
b_28  = 0.131728     a_28 = 0.0         
b_29  = -0.123346    a_29 = 0.0         
b_30  = 0.116075     a_30 = 0.0         
b_31  = -0.109701    a_31 = 0.0         
b_32  = 0.104061     a_32 = 0.0         
b_33  = -0.099031    a_33 = 0.0         
b_34  = 0.094514     a_34 = 0.0         
b_35  = -0.090431    a_35 = 0.0         
b_36  = 0.086721     a_36 = 0.0         
b_37  = -0.083332    a_37 = 0.0         
b_38  = 0.080223     a_38 = 0.0         
b_39  = -0.077359    a_39 = 0.0         
b_40  = 0.074711     a_40 = 0.0         
b_41  = -0.072254    a_41 = 0.0         
b_42  = 0.069967     a_42 = 0.0         
b_43  = -0.067833    a_43 = 0.0         
b_44  = 0.065835     a_44 = 0.0         
b_45  = -0.063962    a_45 = 0.0         
b_46  = 0.0622       a_46 = 0.0         
b_47  = -0.06054     a_47 = 0.0         
b_48  = 0.058973     a_48 = 0.0         
b_49  = -0.057491    a_49 = 0.0         
b_50  = 0.056087     a_50 = 0.0         
